000000100002610500000010020000012001000003600
000000100002610500000010020000012002000003700
000000100002610500000010020000012003000003900
000000100002610600000010020000012001000003700
000000100002610600000010020000012002000000001
000000100002610600000010020000012003000000001
000000100002610700000010020000012001000003700
000000100002610700000010020000012002000003800
000000100002610700000010020000012003000003900
000000100002610800000010020000012001000003700
000000100002610800000010020000012002000003900
000000100002610800000010020000012003000003600
000000100002610900000010020000012001000003700
000000100002610900000010020000012002000003900
000000100002610900000010020000012003000003600
000000100002611000000010020000012001000003700
000000100002611000000010020000012002000000001
000000100002611000000010020000012003000000001
000000100002611100000010020000012001000003700
000000100002611100000010020000012002000003700
000000100002611100000010020000012003000003700
000000100002611200000010020000013001000003700
000000100002611200000010020000013002000003900
000000100002611200000010020000013003000003600
000000100002611300000010020000013001000003700
000000100002611300000010020000013002000003900
000000100002611300000010020000013003000004000
000000100002611400000010020000013001000003700
000000100002611400000010020000013002000000001
000000100002611400000010020000013003000000001
000000100002611500000010020000013001000004100
000000100002611500000010020000013002000003600
000000100002611500000010020000013003000003800
000000100002611600000010020000013001000003700
000000100002611600000010020000013002000000001
000000100002611600000010020000013003000000001
000000100002611700000010020000013001000003700
000000100002611700000010020000013002000000001
000000100002611700000010020000013003000000001
000000100002611800000010020000013001000003700
000000100002611800000010020000013002000004000
000000100002611800000010020000013003000003900
000000100002611900000010020000013001000003800
000000100002611900000010020000013002000003900
000000100002611900000010020000013003000000001
000000100002612000000010020000013001000003700
000000100002612000000010020000013002000003700
000000100002612000000010020000013003000003700
000000100002612100000010020000014001000003700
000000100002612100000010020000014002000003700
000000100002612100000010020000014003000003700
000000100002612200000010020000014001000003900
000000100002612200000010020000014002000003600
000000100002612200000010020000014003000003700
000000100002612300000010020000014001000004100
000000100002612300000010020000014002000004100
000000100002612300000010020000014003000004100
000000100002612400000010020000014001000003600
000000100002612400000010020000014002000000001
000000100002612400000010020000014003000000001
000000100002612500000010020000014001000003700
000000100002612500000010020000014002000004100
000000100002612500000010020000014003000003600
000000100002612600000010020000014001000004000
000000100002612600000010020000014002000003700
000000100002612600000010020000014003000003800
000000100002612700000010020000014001000003700
000000100002612700000010020000014002000003700
000000100002612700000010020000014003000003700
000000100002612800000010020000014001000003700
000000100002612800000010020000014002000003700
000000100002612800000010020000014003000003700
000000100002612900000010020000014001000000001
000000100002612900000010020000014002000000001
000000100002612900000010020000014003000000001
000000100002613000000010020000014001000003700
000000100002613000000010020000014002000003700
000000100002613000000010020000014003000003700
000000100002613100000010020000014001000004000
000000100002613100000010020000014002000004000
000000100002613100000010020000014003000004000
000000100002613200000010020000014001000003700
000000100002613200000010020000014002000003900
000000100002613200000010020000014003000003600
000000100002613300000010020000014001000003700
000000100002613300000010020000014002000003900
000000100002613300000010020000014003000004000
000000100002613400000010020000014001000003700
000000100002613400000010020000014002000000001
000000100002613400000010020000014003000000001
000000100002613500000010020000014001000003700
000000100002613500000010020000014002000000001
000000100002613500000010020000014003000000001
000000100002613600000010020000014001000004000
000000100002613600000010020000014002000003700
000000100002613600000010020000014003000003900
000000100002613700000010020000014001000000001
000000100002613700000010020000014002000000001
000000100002613700000010020000014003000000001
000000100002613800000010020000014001000004100
000000100002613800000010020000014002000004100
000000100002613800000010020000014003000004100
000000100002613900000010020000014001000003700
000000100002613900000010020000014002000003700
000000100002613900000010020000014003000003700
000000100002614000000010020000014001000003700
000000100002614000000010020000014002000000001
000000100002614000000010020000014003000000001
000000100002614100000010020000014001000003700
000000100002614100000010020000014002000000001
000000100002614100000010020000014003000000001
000000100002614200000010020000014001000003700
000000100002614200000010020000014002000003900
000000100002614200000010020000014003000003900
000000100002614300000010020000014001000003700
000000100002614300000010020000014002000003900
000000100002614300000010020000014003000003900
000000100002614400000010020000014001000004000
000000100002614400000010020000014002000003600
000000100002614400000010020000014003000003800
000000100002614500000010020000014001000003700
000000100002614500000010020000014002000004100
000000100002614500000010020000014003000004000
000000100002614600000010020000014001000003900
000000100002614600000010020000014002000003600
000000100002614600000010020000014003000004000
000000100002614700000010020000015001000003700
000000100002614700000010020000015002000000001
000000100002614700000010020000015003000000001
000000100002614800000010020000015001000003700
000000100002614800000010020000015002000003700
000000100002614800000010020000015003000003700
000000100002614900000010020000015001000004000
000000100002614900000010020000015002000003900
000000100002614900000010020000015003000003600
000000100002615000000010020000015001000003700
000000100002615000000010020000015002000004100
000000100002615000000010020000015003000003800
000000100002615100000010020000015001000003700
000000100002615100000010020000015002000003900
000000100002615100000010020000015003000003600
000000100002615200000010020000015001000003700
000000100002615200000010020000015002000003700
000000100002615200000010020000015003000003700
000000100002615300000010020000015001000003700
000000100002615300000010020000015002000003700
000000100002615300000010020000015003000003700
000000100002615400000010020000015001000003700
000000100002615400000010020000015002000000001
000000100002615400000010020000015003000000001
000000100002615500000010020000015001000003700
000000100002615500000010020000015002000000001
000000100002615500000010020000015003000000001
000000100002615600000010020000015001000003700
000000100002615600000010020000015002000004000
000000100002615600000010020000015003000003600
000000100002615700000010020000015001000003700
000000100002615700000010020000015002000000001
000000100002615700000010020000015003000000001
000000100002615800000010020000015001000003600
000000100002615800000010020000015002000003600
000000100002615800000010020000015003000003600
000000100002615900000010020000015001000003900
000000100002615900000010020000015002000003800
000000100002615900000010020000015003000004000
000000100002616000000010020000015001000003700
000000100002616000000010020000015002000003900
000000100002616000000010020000015003000003600
000000100002616100000010020000015001000003700
000000100002616100000010020000015002000000001
000000100002616100000010020000015003000000001
000000100002616200000010020000015001000003900
000000100002616200000010020000015002000003700
000000100002616200000010020000015003000004100
000000100002616300000010020000015001000003700
000000100002616300000010020000015002000000001
000000100002616300000010020000015003000000001
000000100002616400000010020000015001000003900
000000100002616400000010020000015002000003800
000000100002616400000010020000015003000004100
000000100002616500000010020000015001000003700
000000100002616500000010020000015002000003900
000000100002616500000010020000015003000004100
000000100002616600000010020000015001000003700
000000100002616600000010020000015002000004000
000000100002616600000010020000015003000004000
000000100002616700000010020000015001000003700
000000100002616700000010020000015002000003700
000000100002616700000010020000015003000003700
000000100002616800000010020000015001000003700
000000100002616800000010020000015002000000001
000000100002616800000010020000015003000000001
000000100002616900000010020000015001000003700
000000100002616900000010020000015002000000001
000000100002616900000010020000015003000000001
000000100002617000000010020000015001000003700
000000100002617000000010020000015002000003900
000000100002617000000010020000015003000000001
000000100002617100000010020000015001000003900
000000100002617100000010020000015002000003700
000000100002617100000010020000015003000004000
000000100002617200000010020000015001000003700
000000100002617200000010020000015002000003900
000000100002617200000010020000015003000004000
000000100002617300000010020000015001000003700
000000100002617300000010020000015002000000001
000000100002617300000010020000015003000000001
000000100002617400000010020000015001000003700
000000100002617400000010020000015002000000001
000000100002617400000010020000015003000000001
000000100002617500000010020000015001000003900
000000100002617500000010020000015002000004100
000000100002617500000010020000015003000003600
000000100002617600000010020000015001000004000
000000100002617600000010020000015002000003900
000000100002617600000010020000015003000003700
000000100002617700000010020000015001000003700
000000100002617700000010020000015002000000001
000000100002617700000010020000015003000000001
000000100002617800000010020000015001000003700
000000100002617800000010020000015002000003900
000000100002617800000010020000015003000004000
000000100002617900000010020000015001000003700
000000100002617900000010020000015002000000001
000000100002617900000010020000015003000000001
000000100002618000000010020000015001000003700
000000100002618000000010020000015002000003900
000000100002618000000010020000015003000004100
000000100002618100000010020000016001000003700
000000100002618100000010020000016002000003700
000000100002618100000010020000016003000003700
000000100002618200000010020000016001000003700
000000100002618200000010020000016002000004000
000000100002618200000010020000016003000003900
000000100002618300000010020000016001000003700
000000100002618300000010020000016002000003700
000000100002618300000010020000016003000003700
000000100002618400000010020000016001000003700
000000100002618400000010020000016002000003700
000000100002618400000010020000016003000003700
000000100002618500000010020000016001000004000
000000100002618500000010020000016002000004000
000000100002618500000010020000016003000004000
000000100002618600000010020000016001000003700
000000100002618600000010020000016002000000001
000000100002618600000010020000016003000000001
000000100002618700000010020000016001000004000
000000100002618700000010020000016002000004000
000000100002618700000010020000016003000004000
000000100002618800000010020000016001000003700
000000100002618800000010020000016002000003700
000000100002618800000010020000016003000003700
000000100002618900000010020000016001000003700
000000100002618900000010020000016002000004000
000000100002618900000010020000016003000003900
000000100002619000000010020000016001000003700
000000100002619000000010020000016002000003600
000000100002619000000010020000016003000003900
000000100002619100000010020000016001000003700
000000100002619100000010020000016002000003900
000000100002619100000010020000016003000004000
000000100002619200000010020000016001000003700
000000100002619200000010020000016002000000001
000000100002619200000010020000016003000000001
000000100002619300000010020000016001000004000
000000100002619300000010020000016002000003900
000000100002619300000010020000016003000003800
000000100002619400000010020000016001000003700
000000100002619400000010020000016002000003700
000000100002619400000010020000016003000003700
000000100002619500000010020000016001000004000
000000100002619500000010020000016002000004000
000000100002619500000010020000016003000004000
000000100002619600000010020000016001000003700
000000100002619600000010020000016002000000001
000000100002619600000010020000016003000000001
000000100002619700000010020000016001000003700
000000100002619700000010020000016002000000001
000000100002619700000010020000016003000000001
000000100002619800000010020000016001000004000
000000100002619800000010020000016002000003900
000000100002619800000010020000016003000004100
000000100002619900000010020000016001000003600
000000100002619900000010020000016002000003900
000000100002619900000010020000016003000003700
000000100002620000000010020000016001000003700
000000100002620000000010020000016002000003700
000000100002620000000010020000016003000003700
000000100002620100000010020000016001000004000
000000100002620100000010020000016002000003900
000000100002620100000010020000016003000003800
000000100002620200000010020000016001000003700
000000100002620200000010020000016002000003700
000000100002620200000010020000016003000003700
000000100002620300000010020000016001000003700
000000100002620300000010020000016002000004000
000000100002620300000010020000016003000000001
000000100002620400000010020000016001000003700
000000100002620400000010020000016002000003800
000000100002620400000010020000016003000004000
000000100002620500000010020000016001000003700
000000100002620500000010020000016002000000001
000000100002620500000010020000016003000000001
000000100002620600000010020000016001000003700
000000100002620600000010020000016002000004100
000000100002620600000010020000016003000003800
000000100002620700000010020000016001000003700
000000100002620700000010020000016002000000001
000000100002620700000010020000016003000000001
000000100002620800000010020000016001000003700
000000100002620800000010020000016002000000001
000000100002620800000010020000016003000000001
000000100002620900000010020000016001000004000
000000100002620900000010020000016002000004000
000000100002620900000010020000016003000004000
000000100002621000000010020000016001000003700
000000100002621000000010020000016002000000001
000000100002621000000010020000016003000000001
000000100002621100000010020000016001000003700
000000100002621100000010020000016002000000001
000000100002621100000010020000016003000000001
000000100002621200000010020000016001000004000
000000100002621200000010020000016002000004000
000000100002621200000010020000016003000004000
000000100002621300000010020000016001000003700
000000100002621300000010020000016002000004000
000000100002621300000010020000016003000003900
000000100002621400000010020000016001000003900
000000100002621400000010020000016002000003800
000000100002621400000010020000016003000004000
000000100002621500000010020000016001000003700
000000100002621500000010020000016002000000001
000000100002621500000010020000016003000000001
000000100002621600000010020000016001000004000
000000100002621600000010020000016002000003700
000000100002621600000010020000016003000003900
000000100002621700000010020000016001000003700
000000100002621700000010020000016002000003700
000000100002621700000010020000016003000003700
000000100002621800000010020000016001000003700
000000100002621800000010020000016002000000001
000000100002621800000010020000016003000000001
000000100002621900000010020000016001000003700
000000100002621900000010020000016002000004000
000000100002621900000010020000016003000003900
000000100002622000000010020000016001000003600
000000100002622000000010020000016002000003900
000000100002622000000010020000016003000003700
000000100002622100000010020000016001000004000
000000100002622100000010020000016002000004000
000000100002622100000010020000016003000004000
000000100002622200000010020000051001000003600
000000100002622200000010020000051002000004000
000000100002622200000010020000051003000003900
000000100002622300000010020000051001000003900
000000100002622300000010020000051002000003600
000000100002622300000010020000051003000004000
000000100002622400000010020000051001000003700
000000100002622400000010020000051002000003600
000000100002622400000010020000051003000004000
000000100002622500000010020000051001000004000
000000100002622500000010020000051002000004000
000000100002622500000010020000051003000004000
000000100002622600000010020000051001000003900
000000100002622600000010020000051002000003600
000000100002622600000010020000051003000004000
000000100002622700000010020000052001000003700
000000100002622700000010020000052002000000001
000000100002622700000010020000052003000000001
000000100002622800000010020000052001000003700
000000100002622800000010020000052002000003700
000000100002622800000010020000052003000003700
000000100002622900000010020000052001000003700
000000100002622900000010020000052002000003600
000000100002622900000010020000052003000004100
000000100002623000000010020000052001000003700
000000100002623000000010020000052002000004000
000000100002623000000010020000052003000003900
000000100002623100000010020000052001000003700
000000100002623100000010020000052002000000001
000000100002623100000010020000052003000000001
000000100002623200000010020000052001000003900
000000100002623200000010020000052002000003900
000000100002623200000010020000052003000003900
000000100002623300000010020000052001000003700
000000100002623300000010020000052002000000001
000000100002623300000010020000052003000000001
000000100002623400000010020000052001000003700
000000100002623400000010020000052002000003700
000000100002623400000010020000052003000003700
000000100002623500000010020000053001000003700
000000100002623500000010020000053002000003600
000000100002623500000010020000053003000004000
000000100002623600000010020000053001000003800
000000100002623600000010020000053002000003800
000000100002623600000010020000053003000003800
000000100002623700000010020000053001000003700
000000100002623700000010020000053002000003700
000000100002623700000010020000053003000003700
000000100002623800000010020000053001000003900
000000100002623800000010020000053002000003600
000000100002623800000010020000053003000003700
000000100002623900000010020000054001000003700
000000100002623900000010020000054002000003900
000000100002623900000010020000054003000003600
000000100002624000000010020000054001000003700
000000100002624000000010020000054002000000001
000000100002624000000010020000054003000000001
000000100002624100000010020000054001000003700
000000100002624100000010020000054002000003600
000000100002624100000010020000054003000003900
000000100002624200000010020000054001000003700
000000100002624200000010020000054002000003900
000000100002624200000010020000054003000004100
000000100002624300000010020000054001000003600
000000100002624300000010020000054002000003700
000000100002624300000010020000054003000003900
000000100002624400000010020000054001000003600
000000100002624400000010020000054002000003700
000000100002624400000010020000054003000003900
000000100002624500000010020000054001000003900
000000100002624500000010020000054002000004000
000000100002624500000010020000054003000003600
000000100002624600000010020000054001000003700
000000100002624600000010020000054002000004100
000000100002624600000010020000054003000004000
000000100002624700000010020000054001000003700
000000100002624700000010020000054002000003600
000000100002624700000010020000054003000004000
000000100002624800000010020000054001000003700
000000100002624800000010020000054002000003600
000000100002624800000010020000054003000003900
000000100002624900000010020000054001000003700
000000100002624900000010020000054002000000001
000000100002624900000010020000054003000000001
000000100002625000000010020000054001000003700
000000100002625000000010020000054002000000001
000000100002625000000010020000054003000000001
000000100002625100000010020000054001000003700
000000100002625100000010020000054002000003700
000000100002625100000010020000054003000003700
000000100002625200000010020000054001000003700
000000100002625200000010020000054002000003600
000000100002625200000010020000054003000003900
000000100002625300000010020000055001000003700
000000100002625300000010020000055002000003800
000000100002625300000010020000055003000004000
000000100002625400000010020000055001000003600
000000100002625400000010020000055002000003900
000000100002625400000010020000055003000003700
000000100002625500000010020000055001000004000
000000100002625500000010020000055002000000001
000000100002625500000010020000055003000000001
000000100002625600000010020000055001000003700
000000100002625600000010020000055002000000001
000000100002625600000010020000055003000000001
000000100002625700000010020000055001000003700
000000100002625700000010020000055002000004100
000000100002625700000010020000055003000000001
000000100002625800000010020000055001000003700
000000100002625800000010020000055002000000001
000000100002625800000010020000055003000000001
000000100002625900000010020000055001000003700
000000100002625900000010020000055002000003700
000000100002625900000010020000055003000000001
000000100002626000000010020000055001000003700
000000100002626000000010020000055002000000001
000000100002626000000010020000055003000000001
000000100002626100000010020000055001000003900
000000100002626100000010020000055002000000001
000000100002626100000010020000055003000000001
000000100002626200000010020000055001000003700
000000100002626200000010020000055002000000001
000000100002626200000010020000055003000000001
000000100002626300000010020000055001000003700
000000100002626300000010020000055002000000001
000000100002626300000010020000055003000000001
000000100002626400000010020000055001000003700
000000100002626400000010020000055002000000001
000000100002626400000010020000055003000000001
000000100002626500000010020000055001000003700
000000100002626500000010020000055002000003900
000000100002626500000010020000055003000004000
000000100002626600000010020000055001000003700
000000100002626600000010020000055002000000001
000000100002626600000010020000055003000000001
000000100002626700000010020000057001000003600
000000100002626700000010020000057002000003800
000000100002626700000010020000057003000003700
000000100002626800000010020000057001000003700
000000100002626800000010020000057002000003700
000000100002626800000010020000057003000003700
000000100002626900000010020000057001000003900
000000100002626900000010020000057002000004000
000000100002626900000010020000057003000004100
000000100002627000000010020000057001000003700
000000100002627000000010020000057002000003800
000000100002627000000010020000057003000004000
000000100002627100000010020000057001000003700
000000100002627100000010020000057002000003700
000000100002627100000010020000057003000003700
000000100002627200000010020000057001000003700
000000100002627200000010020000057002000003700
000000100002627200000010020000057003000003700
000000100002627300000010020000057001000003700
000000100002627300000010020000057002000003700
000000100002627300000010020000057003000003700
000000100002627400000010020000057001000003900
000000100002627400000010020000057002000003900
000000100002627400000010020000057003000003900
000000100002627500000010020000057001000004000
000000100002627500000010020000057002000004000
000000100002627500000010020000057003000004000
000000100002627600000010020000058001000003700
000000100002627600000010020000058002000003700
000000100002627600000010020000058003000003700
000000100002627700000010020000058001000003700
000000100002627700000010020000058002000003900
000000100002627700000010020000058003000003800
000000100002627800000010020000058001000003700
000000100002627800000010020000058002000000001
000000100002627800000010020000058003000000001
000000100002627900000010020000058001000003600
000000100002627900000010020000058002000003900
000000100002627900000010020000058003000003800
000000100002628000000010020000058001000003700
000000100002628000000010020000058002000000001
000000100002628000000010020000058003000000001
000000100002628100000010020000058001000003700
000000100002628100000010020000058002000000001
000000100002628100000010020000058003000000001
000000100002628200000010020000058001000003700
000000100002628200000010020000058002000003600
000000100002628200000010020000058003000004000
000000100002628300000010020000059001000004100
000000100002628300000010020000059002000003600
000000100002628300000010020000059003000003900
000000100002628400000010020000059001000004000
000000100002628400000010020000059002000003600
000000100002628400000010020000059003000003900
000000100002628500000010020000059001000003700
000000100002628500000010020000059002000003900
000000100002628500000010020000059003000003600
000000100002628600000010020000059001000003900
000000100002628600000010020000059002000003600
000000100002628600000010020000059003000003800
000000100002628700000010020000059001000004100
000000100002628700000010020000059002000004000
000000100002628700000010020000059003000003600
000000100002628800000010020000059001000003700
000000100002628800000010020000059002000000001
000000100002628800000010020000059003000000001
000000100002628900000010020000059001000003700
000000100002628900000010020000059002000000001
000000100002628900000010020000059003000000001
000000100002629000000010020000059001000003700
000000100002629000000010020000059002000004100
000000100002629000000010020000059003000003600
000000100002629100000010020000059001000003700
000000100002629100000010020000059002000003700
000000100002629100000010020000059003000003700
000000100002629200000010020000059001000003700
000000100002629200000010020000059002000004000
000000100002629200000010020000059003000004100
000000100002629300000010020000059001000003700
000000100002629300000010020000059002000000001
000000100002629300000010020000059003000000001
000000100002629400000010020000059001000003700
000000100002629400000010020000059002000000001
000000100002629400000010020000059003000000001
000000100002629500000010020000059001000003700
000000100002629500000010020000059002000000001
000000100002629500000010020000059003000000001
000000100002629600000010020000060001000003700
000000100002629600000010020000060002000000001
000000100002629600000010020000060003000000001
000000100002629700000010020000060001000003600
000000100002629700000010020000060002000003600
000000100002629700000010020000060003000003600
000000100002629800000010020000060001000003700
000000100002629800000010020000060002000004000
000000100002629800000010020000060003000003800
000000100002629900000010020000060001000003700
000000100002629900000010020000060002000000001
000000100002629900000010020000060003000000001
000000100002630000000010020000060001000004000
000000100002630000000010020000060002000003900
000000100002630000000010020000060003000003600
000000100002630100000010020000060001000003700
000000100002630100000010020000060002000000001
000000100002630100000010020000060003000000001
000000100002630200000010020000060001000003600
000000100002630200000010020000060002000003600
000000100002630200000010020000060003000003600
000000100002630300000010020000072001000003700
000000100002630300000010020000072002000003800
000000100002630300000010020000072003000003600
000000100002630400000010020000072001000004000
000000100002630400000010020000072002000000001
000000100002630400000010020000072003000000001
000000100002630500000010020000072001000003700
000000100002630500000010020000072002000003900
000000100002630500000010020000072003000004100
000000100002630600000010020000072001000003700
000000100002630600000010020000072002000000001
000000100002630600000010020000072003000000001
000000100002630700000010020000072001000003700
000000100002630700000010020000072002000004000
000000100002630700000010020000072003000000001
000000100002630800000010020000072001000003700
000000100002630800000010020000072002000003600
000000100002630800000010020000072003000000001
000000100002630900000010020000072001000003700
000000100002630900000010020000072002000000001
000000100002630900000010020000072003000000001
000000100002631000000010020000072001000003700
000000100002631000000010020000072002000004000
000000100002631000000010020000072003000004100
000000100002631100000010020000072001000003700
000000100002631100000010020000072002000000001
000000100002631100000010020000072003000000001
000000100002631200000010020000072001000003700
000000100002631200000010020000072002000000001
000000100002631200000010020000072003000000001
